pi@rasspberrypi:~/Desktop/SCAR-ME-195/rpi/machine_learning $ ./detect.sh
~~~~~~~~~~~~~~~~~~~~~~~~~~~
Classes Key:
0 = scalpel_n4
1 = straight_dissection_clamp
2 = straight_mayo_scissor
3 = curved_mayo_scissor
Valid Detections =  3
Classes =  [0. 1. 0. 0. 0. 0. 0. 0. 0. 0. 0. 0. 0. 0. 0. 0. 0. 0. 0. 0. 0. 0. 0. 0.
 0. 0. 0. 0. 0. 0. 0. 0. 0. 0. 0. 0. 0. 0. 0. 0. 0. 0. 0. 0. 0. 0. 0. 0.
 0. 0.]
Scores =  [0.99577516 0.68355584 0.6294121  0.         0.         0.
 0.         0.         0.         0.         0.         0.
 0.         0.         0.         0.         0.         0.
 0.         0.         0.         0.         0.         0.
 0.         0.         0.         0.         0.         0.
 0.         0.         0.         0.         0.         0.
 0.         0.         0.         0.         0.         0.
 0.         0.         0.         0.         0.         0.
 0.         0.        ]
~~~~~~~~~~~~~~~~~~~~~~~~~~~
(1026, 1336) (1855, 2414) (0, 255, 255) 7
(556, 13) (1664, 495) (255, 0, 0) 7
(237, 3886) (1216, 4018) (0, 255, 255) 7
